#!/bin/bash
#./julia -1 -1.5 1 1.5 0.285 0 600 900 90 none
#./julia -1 -1.5 1 1.5 0.285 0.01 500 750 90 none
#./julia -1 -1.5 1 1.5 0.45 0.1428 500 750 40 none
#./julia -1.5 -1.5 1.5 1.5 -0.70176 -0.3842 750 750 90 none
#./julia -2 -2 2 2 -0.70176 -0.3842 700 700 90 none
#./julia -1.5 -1.5 1.5 1.5 -0.7269 0.1889 700 700 600 none
#./julia -1.5 -1.5 1.5 1.5 -0.8 0.156 700 700 400 none
#./julia -1.5 -1.5 1.5 1.5 -0.6180339887498949 0 700 700 20 none
#./evol -1 -1 1 1 0 -0.8 200 200 50
#./move -1 -1 1 1 1 0 100 100 50 6.283185307179586 300
